1
0
0.1
1
1
10
6
24.3022
26.4533
0.108271
12.7992
0.324138
0.0236304
0.0367313
1.14207
0.0294016
0.23737
0.22
-6.65951
-18.5687
-3.14907
-6.73751
-2.6744
2.60595
0.785887
-3.65655
1.8722
2.95945
0.49
0.468177
-15.1226
19.2228
6.2758
11.5861
4.18682
-0.0768471
-8.1299
-18.4287
7.18566
-26.3528
23.8666
5.19955
-0.370939
-1.80266
-1.935
-0.908933
-3.93837
-1.63621
-5.02989
8.76051
4.44387
-8.58124
1.22361
4.26135
0.443962
-1.41134
-4.58365
-0.592643
-2.67388
-1.25768
1.9324
-4.81998
-2.99795
-1.90803
-5.2602
0.636443
1.02008
-3.16568
-2.80917
-1.04196
-4.42436
3.68458
-0.325941
-1.75651
-6.83968
-0.464395
-0.186213
-0.658887
1.31422
-3.98216
-2.82333
-1.78735
-4.33414
-2.71635
1.71182
-4.44087
-2.49695
-1.21732
-4.94239
-4.17571
3.81974
-5.86817
-2.36892
-1.05962
-7.69154
